1.023810117649800455e-01 4.745442046015546089e-01 1.293922319483247207e-01 1.228302304269239115e-01 1.708523212582184203e-01
4.037781632567011281e-01 9.452880481447867300e-02 7.163841662520027687e-02 6.782870390951288575e-02 3.622259113941039832e-01
4.590758707896099022e-02 1.326036397593737259e-01 3.915490025057398182e-01 3.617837414780337713e-01 6.815602917788925186e-02
6.934818756588290167e-02 6.684471502414003619e-02 2.303305198751077754e-01 4.976058167354904249e-01 1.358707607993794031e-01
2.218947679954318131e-01 1.794279826200624317e-01 1.526920114271587969e-01 3.597050705001332283e-01 8.628016745721622804e-02
1.000337582515683499e-01 4.763758894023933932e-01 1.218568783145687340e-01 1.190765156357944665e-01 1.826569583956745846e-01
3.976192041180159342e-01 9.527809304150454406e-02 6.483742138407865008e-02 6.327358977920018168e-02 3.789916916772017585e-01
6.031000633767497066e-02 1.775957028417515238e-01 3.481552019970516332e-01 3.347133305548150028e-01 7.922575826871289251e-02
9.009481785519503350e-02 8.846807247206690816e-02 2.047373840496797270e-01 4.598130525183820594e-01 1.568866731046736906e-01
2.443279654324496675e-01 1.997619307826351831e-01 1.352744176576323454e-01 3.290609445527272747e-01 9.157474157456017838e-02
1.002213351115630036e-01 4.759730635584396019e-01 1.238735252570441342e-01 1.195464544638314558e-01 1.803856216091325460e-01
3.988179257747596074e-01 9.526531159929423065e-02 6.640994370702600624e-02 6.397086728588749494e-02 3.755359516330327163e-01
5.745773938556139604e-02 1.682581827551002385e-01 3.588703385582173722e-01 3.389166848497894291e-01 7.649705445132982951e-02
8.634058665613227046e-02 8.433031157726089688e-02 2.111599940798100927e-01 4.660970517517988299e-01 1.520720559350003664e-01
2.416940695258406047e-01 1.969236337259760716e-01 1.386031729847037597e-01 3.325242628186449445e-01 9.025486094483975430e-02
4.584361445295265791e-01 2.556832687357099565e-01 2.051324321640253523e-01 4.206579687802314282e-02 3.868235769271908403e-02
1.196217028461475512e-01 2.872813431841089726e-01 2.185324348580673370e-01 9.621757287243530576e-02 2.783469462392416105e-01
4.697064186973264333e-01 8.929804103166832929e-02 1.057979043466463209e-01 8.843115560347776516e-02 2.467664803208789726e-01
3.224488051502895081e-01 2.773531892342975813e-01 9.984742314320516066e-02 9.658913781837612234e-02 2.037614446538339452e-01
1.086586977122441511e-01 2.797382032591704815e-01 1.008049214246179298e-01 2.952482587804997616e-01 2.155499188234706598e-01
5.854472047738062956e-01 1.608103495960490903e-01 2.135342216747296018e-01 2.405512510624073161e-02 1.615309884917264308e-02
1.640411622671830161e-01 2.668963047149081058e-01 2.598150392486398008e-01 8.476211468805837368e-02 2.244853790812106897e-01
6.333914282952972652e-01 6.467972067786675883e-02 1.184133873173094376e-01 5.832916579589832867e-02 1.251862979136272869e-01
3.129150511897781928e-01 2.476760378875697277e-01 8.871217978759787792e-02 9.533438863807995600e-02 2.553623424969685418e-01
9.578851356253192950e-02 2.269113739718620903e-01 8.111598480937026734e-02 2.800439218625745408e-01 3.161402057936633647e-01
5.669636850755939150e-01 1.713353671883603990e-01 2.118381822638798206e-01 2.869753286881176341e-02 2.116523260334307599e-02
1.378863115311562415e-01 2.694703807993135691e-01 2.280024146815132491e-01 9.191790691544012015e-02 2.727229860725745580e-01
5.908911194491853758e-01 6.770397202099792677e-02 1.138889630218856558e-01 6.768587124852395998e-02 1.598300742594042922e-01
2.999090568780480859e-01 2.706615577073706036e-01 8.791404098895853891e-02 9.747184183551381442e-02 2.440435025901100952e-01
9.306163524701324685e-02 2.606155274329096105e-01 8.200446336529018665e-02 2.903708871866002017e-01 2.739474867681845338e-01
3.013200041306648425e-01 9.919819771049892543e-02 9.931120994181409645e-02 9.997021306493826531e-02 4.002003751520859520e-01
9.944353990653125031e-02 4.027462952921810335e-01 2.494900289080760614e-01 1.489803330912944368e-01 9.933980280191473389e-02
1.000484556975627382e-01 2.008567713495562346e-01 2.997379947201799233e-01 1.996387516495821968e-01 1.997180265831157431e-01
1.005204869920626604e-01 9.955645690112059631e-02 1.991354098778760628e-01 3.002854127778844529e-01 3.005022334510549231e-01
1.007588819665859448e-01 2.486678146029894787e-01 1.991928277116320478e-01 3.008384850790212783e-01 1.505419906397680863e-01
3.010245261028883235e-01 9.939620000384605247e-02 9.944798493028705888e-02 9.995181561139888926e-02 4.001794733515869340e-01
9.954575649149562111e-02 4.021617559845722112e-01 2.496674532426337856e-01 1.491677334441550706e-01 9.945730083713699710e-02
1.000098775986389965e-01 2.007674927009434895e-01 2.998545238208588093e-01 1.996463383597545937e-01 1.997217675198003084e-01
1.004055491894662450e-01 9.969613602128124530e-02 1.993279000163570569e-01 3.001615059395059126e-01 3.004089088333852797e-01
1.005974056400993077e-01 2.490174737248443959e-01 1.993464467762906256e-01 3.005971401116425135e-01 1.504415337471232128e-01
3.096334750269805758e-01 9.318250511391741597e-02 9.514121974878879395e-02 1.003307825887327920e-01 4.017120175215829203e-01
9.858087921610930726e-02 4.156098177293395257e-01 2.433495499324626887e-01 1.454940503757573556e-01 9.696570274633077580e-02
1.026481803631166256e-01 2.001148535201100476e-01 2.950312569535892826e-01 2.010733395798401935e-01 2.011323695833446001e-01
1.040734416387526923e-01 9.493846023241281351e-02 1.929712321537655484e-01 3.038789754567083889e-01 3.041378905183597103e-01
1.055549798404536166e-01 2.380880024102454418e-01 1.945178782488328484e-01 3.077902337272475641e-01 1.540489057732235822e-01
1.087310200774651986e-01 1.344120135574306263e-01 7.821607191865603825e-02 4.015009389963329900e-01 2.771399554501098317e-01
1.039254787834263671e-01 5.436836583153634717e-01 2.339934813145161385e-01 6.832318007787503700e-02 5.007420150882017917e-02
7.385943820133084037e-02 4.007063720012759567e-01 1.941207300832070159e-01 7.781963244324147100e-02 2.534938272709458262e-01
3.447165110035327884e-01 1.262618873001352393e-01 2.295274439320289239e-01 1.054033686718311158e-01 1.940907890924746804e-01
1.939327953609204791e-01 1.585762938884696382e-01 1.816203317480414581e-01 3.727057876643762868e-01 9.316479133818907077e-02
1.287315149313711105e-01 1.040703589884956481e-01 6.151542189277771355e-02 4.428903704481259029e-01 2.627923337392362724e-01
4.606638338137629407e-02 6.643988510323861618e-01 2.286384111218690840e-01 3.267916752932950586e-02 2.821718693503845812e-02
4.467766145883172307e-02 5.084041322543175756e-01 2.118553797075195810e-01 4.951894965246130681e-02 1.855438769268730470e-01
4.118981739600757752e-01 9.582694528266068323e-02 1.821231027362318899e-01 1.183286700074691472e-01 1.918231080135651134e-01
1.957305396617635140e-01 1.590012044792276646e-01 1.810745110423889748e-01 3.697726771108397759e-01 9.442106770577721186e-02
1.584711895803442572e-01 4.291978951213733240e-02 3.518061695038103565e-02 5.048006118864383218e-01 2.586277920706998024e-01
1.596995078058847939e-02 7.523650246000330721e-01 2.052200379476969150e-01 1.247433492011423319e-02 1.397065175157184529e-02
2.826061602117160843e-02 5.674418938114077493e-01 2.219168204509845699e-01 3.286073319321784064e-02 1.495199365232193489e-01
5.074716491043809174e-01 4.125929063487435156e-02 1.125396081013358696e-01 1.375816042407606021e-01 2.011478479186478430e-01
2.213741652765816859e-01 1.047314997309591877e-01 1.540845414794164148e-01 4.111815470597020017e-01 1.086282464533368797e-01
